offset	f
1.10E+00	0.511269303
1.20E+00	0.513720516
1.30E+00	0.5125966
1.40E+00	0.513716904
1.50E+00	0.515130807
1.60E+00	0.515231462
1.70E+00	0.516366471
1.80E+00	0.515914508
1.90E+00	0.516987291
2.00E+00	0.516992868
2.10E+00	0.519050208
2.20E+00	0.518920469
2.30E+00	0.519882947
2.40E+00	0.520740724
2.50E+00	0.521165851
2.60E+00	0.521575155
2.70E+00	0.521908126
2.80E+00	0.522884492
2.90E+00	0.523017309
3.00E+00	0.522130229
3.10E+00	0.523134384
3.20E+00	0.523020622
3.30E+00	0.524756942
3.40E+00	0.524202333
3.50E+00	0.524818818
3.60E+00	0.525398176
3.70E+00	0.525730602
3.80E+00	0.525685521
3.90E+00	0.525342286
4.00E+00	0.526418297
4.10E+00	0.527805251
4.20E+00	0.528087045
4.30E+00	0.528116222
4.40E+00	0.52816057
4.50E+00	0.52888749
4.60E+00	0.528920552
4.70E+00	0.529353114
4.80E+00	0.529618003
4.90E+00	0.530177514
5.00E+00	0.53092013
5.10E+00	0.530454488
5.20E+00	0.531319403
5.30E+00	0.531419304
5.40E+00	0.531402853
5.50E+00	0.531865055
5.60E+00	0.532750529
5.70E+00	0.532181829
5.80E+00	0.532881243
5.90E+00	0.533563373
6.00E+00	0.533450043
6.10E+00	0.533766108
6.20E+00	0.534045385
6.30E+00	0.534199504
6.40E+00	0.534367749
6.50E+00	0.534997389
6.60E+00	0.534900852
6.70E+00	0.535191699
6.80E+00	0.535379011
6.90E+00	0.535695949
7.00E+00	0.536354802
7.10E+00	0.536494371
7.20E+00	0.536079104
7.30E+00	0.53643338
7.40E+00	0.536459198
7.50E+00	0.537832108
7.60E+00	0.537694591
7.70E+00	0.537125632
7.80E+00	0.537600402
7.90E+00	0.538308525
8.00E+00	0.537812504
8.10E+00	0.538493222
8.20E+00	0.538389057
8.30E+00	0.538047514
8.40E+00	0.538920725
8.50E+00	0.539827743
8.60E+00	0.539468097
8.70E+00	0.53949966
8.80E+00	0.539978847
8.90E+00	0.539093293
9.00E+00	0.540058334
9.10E+00	0.539412697
9.20E+00	0.539843295
9.30E+00	0.539652658
9.40E+00	0.540178011
9.50E+00	0.540901605
9.60E+00	0.540287908
9.70E+00	0.540394489
9.80E+00	0.540582056
9.90E+00	0.540389384
1.00E+01	0.541118733
1.01E+01	0.540329096
1.02E+01	0.541623555
1.03E+01	0.54135437
1.04E+01	0.542210084
1.05E+01	0.541486539
1.06E+01	0.541133201
1.07E+01	0.541250106
1.08E+01	0.540574773
1.09E+01	0.541004307
1.10E+01	0.541349885
1.11E+01	0.540804279
1.12E+01	0.541384101
1.13E+01	0.541354442
1.14E+01	0.541509742
1.15E+01	0.54185791
1.16E+01	0.540897069
1.17E+01	0.541697879
1.18E+01	0.541550559
1.19E+01	0.541353844
1.20E+01	0.541464548
1.21E+01	0.541634148
1.22E+01	0.541950145
1.23E+01	0.541337854
1.24E+01	0.541043481
1.25E+01	0.541697893
1.26E+01	0.541495211
1.27E+01	0.540678377
1.28E+01	0.541575005
1.29E+01	0.541244681
1.30E+01	0.540911458
1.31E+01	0.541402699
1.32E+01	0.540704591
1.33E+01	0.540294699
1.34E+01	0.5407809
1.35E+01	0.54130591
1.36E+01	0.541373123
1.37E+01	0.540877009
1.38E+01	0.540360393
1.39E+01	0.540342208
1.40E+01	0.54017016
1.41E+01	0.540346846
1.42E+01	0.539823317
1.43E+01	0.539383872
1.44E+01	0.540273062
1.45E+01	0.539546592
1.46E+01	0.540400469
1.47E+01	0.538909467
1.48E+01	0.539508888
1.49E+01	0.538944783
1.50E+01	0.538663016
1.51E+01	0.538311935
1.52E+01	0.539473989
1.53E+01	0.538487936
1.54E+01	0.53820584
1.55E+01	0.53810133
1.56E+01	0.538160745
1.57E+01	0.537186833
1.58E+01	0.537226796
1.59E+01	0.537676918
1.60E+01	0.537358116
1.61E+01	0.536875839
1.62E+01	0.536656952
1.63E+01	0.536443656
1.64E+01	0.535916281
1.65E+01	0.535966977
1.66E+01	0.534777992
1.67E+01	0.53555838
1.68E+01	0.535714261
1.69E+01	0.535544182
1.70E+01	0.534662616
1.71E+01	0.534034999
1.72E+01	0.533627366
1.73E+01	0.53368757
1.74E+01	0.532374802
1.75E+01	0.532301552
1.76E+01	0.531851486
1.77E+01	0.531937397
1.78E+01	0.531991271
1.79E+01	0.532243645
1.80E+01	0.530566142
1.81E+01	0.530505997
1.82E+01	0.530541339
1.83E+01	0.529595321
1.84E+01	0.529470728
1.85E+01	0.529295536
1.86E+01	0.52848022
1.87E+01	0.528275832
1.88E+01	0.527906518
1.89E+01	0.527020413
1.90E+01	0.526059161
1.91E+01	0.525361211
1.92E+01	0.525687438
1.93E+01	0.525207669
1.94E+01	0.524899308
1.95E+01	0.524064879
1.96E+01	0.523701823
1.97E+01	0.523297623
1.98E+01	0.522167151
1.99E+01	0.52226916
2.00E+01	0.521307111
2.01E+01	0.520430431
2.02E+01	0.52007258
2.03E+01	0.519553705
2.04E+01	0.519247846
2.05E+01	0.517433529
2.06E+01	0.517287602
2.07E+01	0.516394523
2.08E+01	0.516240453
2.09E+01	0.514396215
2.10E+01	0.514625661
2.11E+01	0.514238417
2.12E+01	0.512719936
2.13E+01	0.512111945
2.14E+01	0.512206248
2.15E+01	0.510456383
2.16E+01	0.509548565
2.17E+01	0.50868174
2.18E+01	0.507443318
2.19E+01	0.507168956
2.20E+01	0.50581994
2.21E+01	0.505084991
2.22E+01	0.50446532
2.23E+01	0.502588766
2.24E+01	0.501654964
2.25E+01	0.501083579
2.26E+01	0.500758395
2.27E+01	0.498908448
2.28E+01	0.498150526
2.29E+01	0.496761107
2.30E+01	0.495666061
2.31E+01	0.494471511
2.32E+01	0.493194122
2.33E+01	0.492726484
2.34E+01	0.489717684
2.35E+01	0.489136866
2.36E+01	0.487797779
2.37E+01	0.485678614
2.38E+01	0.484788063
2.39E+01	0.483041527
